MQ-2,MQ-6
106,434
106,437
105,436
105,437
104,436
104,433
103,434
103,435
102,434
102,435
102,434
102,434
101,434
101,434
100,433
100,433
99,432
99,431
98,430
98,429
98,432
98,432
98,432
97,432
97,433
97,432
96,432
96,432
96,433
96,432
95,431
95,430
95,431
95,431
94,431
94,431
94,430
94,428
94,430
93,430
93,430
93,430
92,428
92,430
92,429
92,429
92,429
92,428
92,429
92,429
91,429
91,428
91,428
90,428
90,428
90,428
90,427
90,428
90,428
90,426
90,426
89,427
90,428
89,428
89,428
89,428
89,426
89,427
88,426
88,428
88,428
88,427
88,427
88,426
88,427
88,427

